mu,VN,VCB,m112,m122,m222,lam1,lam2,lam3,lam4,lam5,yt,gp,g,gs,nvev1,nvev2,nvev3,cbvev1,cbvev2,cbvev3
246,-518861198.959503,-528903022.459508,-24645.9989110351,30.1756710892883,-36041.333459872,0.59467356469516,1.21166110254504,0.863095101389134,0.855325875848931,-0.855833528764945,1.00089971764158,0.3497,0.652954,1.14572319144708,27.6688526628403,244.439020191789,0,-180.976590178554,145.650314204351,152.106174215439
248.51256281407,-519271197.335704,-532455287.088253,-24660.3175301629,30.1774474034749,-36075.4744098219,0.595389122132214,1.21323463745394,0.864400036166025,0.856581259243268,-0.857079135017559,1.00044112541404,0.349719265240186,0.652900263546068,1.14504632129809,-19.1272620122564,241.156393096546,3.14259330979452e-16,-244.23213612174,35.1946189987602,157.954948990723
251.025125628141,-519609396.418059,-532792586.318985,-24674.529522954,30.1792015571776,-36109.3226521465,0.59609962890572,1.21479829531,0.865695022088909,0.857827175879072,-0.858315368050527,0.99998788604679,0.34973833981386,0.652847080731445,1.14437744049488,-19.2188916409426,241.140830521312,5.32937806386539e-13,-195.622595579738,33.7823106889018,215.632186524157
253.537688442211,-519945916.44605,-533091573.751034,-24688.6367658587,30.1809340442006,-36142.8837291395,0.596805173027911,1.21635223344338,0.866980239658278,0.85906379621517,-0.859542396499079,0.999539883515692,0.349757227488708,0.65279444039337,1.14371637482486,-19.311460262495,241.12573943346,-2.90004081913953e-14,-184.18189477503,34.0231143362463,225.464749134997
256.050251256281,-520280779.22773,-533428296.044664,-24702.6410840598,30.1826453425873,-36176.1630236114,0.597505840116619,1.21789660523838,0.868255864318967,0.860291285962399,-0.860760384303634,0.999097005441865,0.349775931921536,0.65274233170202,1.14306295557148,-19.4049568732929,241.111107072541,1.66303861657889e-16,-154.373371567702,22.4056897703804,248.809221998964
258.562814070352,-520614006.231836,-533773425.37978,-24716.5442533606,30.1843359152723,-36209.1657650078,0.598201713483294,1.21943156026774,0.869522066650339,0.861509806261444,-0.861969490885572,0.998659142942425,0.349794456662588,0.652690744147429,1.14241701928844,-19.4993711361693,241.096921074075,-1.36051332082509e-15,-56.9623973882604,10.679984335736,288.241286116261
261.075376884422,-520945618.590483,-534059451.203738,-24730.3480019862,30.1860062107006,-36241.8970352362,0.598892874216951,1.22095724442112,0.870779012547537,0.86271951385233,-0.863169871314782,0.998226190488736,0.349812805159645,0.652639667527041,1.14177840758535,-19.5946933412452,241.083169456934,-2.7687935788131e-14,-56.9602554259182,10.6905430725759,288.27767070577
263.587939698492,-521275637.102221,-534344231.356576,-24744.0540123026,30.1876566634154,-36274.361774217,0.599579401264295,1.22247380002813,0.872026863394285,0.863920561236061,-0.864361676469435,0.997798045771717,0.349830980761942,0.652589091933855,1.14114696692409,-19.6909143692137,241.069840610948,2.56681765238095e-16,-56.9580762364751,10.7012397596482,288.313908520483
266.100502512563,-521604082.235396,-534627787.086121,-24757.6639224578,30.1892876946167,-36306.5647851747,0.600261371506217,1.22398136597632,0.873265776227735,0.86511309682883,-0.865545053188418,0.99737460957379,0.349848986723891,0.652539007745146,1.14052254842518,-19.7880256567305,241.056923284803,-1.48567759540114e-14,-56.9543004938108,10.7116648910293,288.350535527389
268.613065326633,-521930974.131783,-534915951.355204,-24771.1793279491,30.190899712693,-36338.5107396832,0.600938859830859,1.22548007782405,0.874495903895777,0.866297265109213,-0.866720144416831,0.996955785647088,0.349866826208628,0.652489405611707,1.13990500768369,-19.8860191638209,241.044406574306,1.7455974494925e-13,-36.7576883460477,6.7016783549029,291.825400612331
271.125628140703,-522256332.61045,-535198338.604189,-24784.6017831212,30.1924931137259,-36370.2041824801,0.601611939203446,1.22697006790891,0.875717395207228,0.86747320675872,-0.867887089344931,0.99654148059755,0.349884502291405,0.652440276447604,1.13929420459403,-19.9848873430811,241.032279911056,-3.96837204825555e-14,-30.6735887278413,5.86737937157632,292.589815589086
273.638190954774,-522580177.171812,-535481156.561933,-24797.9328025979,30.1940682819719,-36401.6495360606,0.602280680733032,1.22845146545154,0.876930395075291,0.868641058796075,-0.869046023540868,0.996131603774577,0.349902017962817,0.652391611420402,1.13869000318324,-20.0846231106188,241.02053305156,6.73060859486641e-16,-6.14527476415857e-12,1.13660565342745e-12,294.314928501264
276.150753768844,-522902527.001854,-535760012.629875,-24811.1738626516,30.1956255903194,-36432.8511050658,0.602945153736354,1.22992439665538,0.878135044654646,0.869800954705551,-0.870197079077549,0.995726067165932,0.349919376131885,0.652343401941836,1.13809227145212,-20.1852198184623,241.009156066822,-1.90048012661951e-15,3.06591794978743,-0.218336701284524,294.334937228759
278.663316582915,-523223400.976489,-536037752.447574,-24824.3264025135,30.1971654007256,-36463.8130804731,0.603605425798917,1.23138898480224,0.879331481472504,0.870953024559676,-0.87134038465394,0.99532478529758,0.349936579628998,0.652295639658916,1.13750088122393,-20.2866712284189,240.998139332419,-1.72428098842772e-13,3.07630573861124,-0.297493888066398,294.370805112697
281.175879396985,-523542817.666029,-536314392.640695,-24837.3918256277,30.198688064632,-36494.5395436025,0.604261562833473,1.23284535034425,0.88051983955394,0.872097395136611,-0.872476065711097,0.994927675138205,0.349953631208732,0.652248316445423,1.13691570800014,-20.3889714872144,240.987473519086,-4.36609715912672e-16,3.08875356790835,-0.176370134404831,294.407112268073
283.688442211055,-523860795.339747,-536589937.481432,-24850.3715008522,30.2001939233605,-36525.0344699461,0.60491362913601,1.23429361099199,0.881700249541822,0.873234190032468,-0.873604244543208,0.99453465600814,0.349970533552529,0.65220142439379,1.13633663082287,-20.4921151027461,240.977149583818,4.87884712237933e-15,3.08160833997094,-0.111073412411586,294.443093692642
286.201005025126,-524177351.970511,-536864394.22346,-24863.2667636089,30.2016833084916,-36555.3017328312,0.605561687439402,1.23573388179931,0.88287283881159,0.874363529768834,-0.874725040403886,0.994145649492474,0.349987289271273,0.652154955807348,1.13576353214363,-20.5960969214283,240.967158761508,1.2117366956733e-15,3.0811357163642,-0.216564780657004,294.47943244731
288.713567839196,-524492505.239478,-537137802.681591,-24876.0789169862,30.2031565422252,-36585.345106926,0.606205798964812,1.23716627524478,0.884037731581166,0.875485531895753,-0.875838569607977,0.993760579358093,0.350003900907742,0.652108903192897,1.13519629769807,-20.7009121064173,240.957492557126,-7.63271092982216e-15,3.09848560776045,-0.150120888229444,294.515917438071
291.226130653266,-524806272.540821,-537410154.995268,-24888.8092327955,30.2046139377248,-36615.1682715943,0.606846023470976,1.23859090130995,0.885195049016243,0.87660031109038,-0.87694494562909,0.993379371474473,0.350020370938964,0.652063259253621,1.13463481638637,-20.806556116666,240.948142738457,-2.18520752945428e-15,3.09601844216207,-0.291476650900982,294.552031780794
293.738693467337,-525118670.986492,-537681488.06811,-24901.4589525849,30.2060557994463,-36644.7748141094,0.607482419301469,1.24000786755474,0.886344909331172,0.877707979251539,-0.878044279193079,0.993001953737992,0.350036701778465,0.65201801688229,1.13407898015896,-20.9130246866876,240.939101329418,-2.428112579812e-17,3.10770338900837,-0.290581111360693,294.58831535882
296.251256281407,-525429717.410995,-537951829.926324,-24914.029288611,30.2074824234525,-36674.1682327317,0.608115043430054,1.24141727918986,0.88748742788568,0.878808645590381,-0.879136678367676,0.992628255999605,0.350052895778424,0.651973169154768,1.13352868390733,-21.0203138068889,240.930360603956,-9.2103972063709e-16,5.90396083087382e-10,-1.0295115298387e-10,294.641288831964
298.763819095477,-525739428.376163,-538221121.854638,-24926.5214247725,30.2088940977131,-36703.3519396592,0.608743951504203,1.24281923914654,0.888622717277624,0.87990241671734,-0.880222248648447,0.992258209995682,0.350068955231738,0.651928709323783,1.13298382535965,-21.128419704399,240.921913080579,-7.32101129606224e-15,5.90396083087382e-10,-1.0295115298387e-10,294.641288831964
301.276381909548,-526047820.175942,-538489367.23017,-24938.9365175054,30.2102911023919,-36732.3292638553,0.609369197886883,1.24421384814366,0.889750887431965,0.880989396725558,-0.881301093041288,0.99189174928186,0.350084882374,0.651884630812971,1.13244430498095,-21.237338824251,240.913751517518,-1.66172027177399e-14,5.90396083087382e-10,-1.0295115298387e-10,294.641288831964
303.788944723618,-526354908.841155,-538756580.290951,-24951.2756966433,30.2116737101217,-36761.103453761,0.609990835696683,1.24560120475239,0.890872045686162,0.882069687270968,-0.882373312141585,0.991528809169748,0.350100679385395,0.651840927211161,1.13191002587755,-21.3470678107985,240.905868908583,-1.82659685592573e-15,5.90396083087382e-10,-1.0295115298387e-10,294.641288831964
306.301507537688,-526660710.144254,-539022774.965342,-24963.5400662442,30.2130421862667,-36789.6776798973,0.610608916846376,1.24698140545844,0.891986296872145,0.883143387649177,-0.883439004210235,0.991169326666342,0.350116348392519,0.651797592266899,1.13138089370571,-21.4576034892513,240.89825847975,1.44763249771633e-17,5.90396083087382e-10,-1.0295115298387e-10,294.641288831964
308.814070351759,-526965239.60405,-539287964.881253,-24975.7307053844,30.2143967891743,-36818.0550373625,0.611223492079969,1.24835454472201,0.893093743395041,0.884210594869311,-0.884498265246657,0.990813240416006,0.350131891470123,0.651754619883197,1.13085681658402,-21.5689428471621,240.890913686525,-1.48127345630956e-16,5.90396083087382e-10,-1.0295115298387e-10,294.641288831964
311.326633165829,-527268512.490415,-539552163.375017,-24987.8486689219,30.2157377704159,-36846.2385482293,0.611834611008328,1.24972071503568,0.894194485308796,0.885271403724972,-0.88555118905894,0.990460490644898,0.350147310642786,0.651712004112497,1.13033770500965,-21.6810830157327,240.883828212183,3.534259235943e-15,5.90396083087382e-10,-1.0295115298387e-10,294.641288831964
313.8391959799,-527570543.828959,-539815383.499933,-24999.8949882308,30.2170653750177,-36874.2311638476,0.612442322143438,1.25108000698004,0.895288620388856,0.886325906862428,-0.88659786733127,0.990111019107721,0.350162607886524,0.651669739151833,1.12982347177792,-21.7940212507344,240.876995966947,8.44732260917328e-17,5.90396083087382e-10,-1.0295115298387e-10,294.641288831964
316.35175879397,-527871348.405668,-540077638.034488,-25011.8706719073,30.2183798416817,-36902.0357670564,0.613046672931361,1.25243250927753,0.896376244202025,0.887374194846177,-0.887638389688754,0.989764769036669,0.350177785130329,0.651627819338196,1.12931403190541,-21.9077549128692,240.870411088235,-7.31734183152794e-16,5.90396083087382e-10,-1.0295115298387e-10,294.641288831964
318.86432160804,-528170940.771521,-540338939.490283,-25023.7767064497,30.2196814029979,-36929.6551743095,0.613647709783947,1.25377830884422,0.897457450173645,0.888416356222,-0.888672843759759,0.989421685092477,0.350192844257657,0.651586239144073,1.12880930255606,-22.0222814472981,240.864067942115,-1.29603341852871e-14,5.90396083087382e-10,-1.0295115298387e-10,294.641288831964
321.376884422111,-528469335.24706,-540599300.11967,-25035.614056912,30.2209702856472,-36957.0921377187,0.614245478109371,1.25511749083982,0.898532329652219,0.889452477577621,-0.889701315235895,0.989081713317469,0.350207787107846,0.65154499317317,1.1283092029704,-22.1375983620875,240.857961126136,1.04675178135718e-15,5.90396083087382e-10,-1.0295115298387e-10,294.641288831964
323.889447236181,-528766545.926938,-540858731.923102,-25047.3836675342,30.2222467105966,-36984.3493470191,0.61484002234152,1.25645013871601,0.899600971971583,0.890482643601085,-0.890723887929731,0.988744801090498,0.35022261547749,0.651504076156298,1.12781365439761,-22.2537032052005,240.852085473767,-6.61748987359092e-16,5.90396083087382e-10,-1.0295115298387e-10,294.641288831964
326.402010050251,-529062586.684433,-541117246.656238,-25059.0864623486,30.2235108932862,-37011.4294314589,0.615431385968314,1.257776334263,0.900663464510759,0.89150693713695,-0.89174064383036,0.988410897083699,0.350237331121752,0.651463482947421,1.12732258003032,-22.3705935396151,240.846436060734,-2.06547643086658e-15,5.90396083087382e-10,-1.0295115298387e-10,294.641288831964
328.914572864322,-529357471.175938,-541374855.836775,-25070.7233457643,30.2247630438086,-37038.3349616183,0.61601961155898,1.2590961576545,0.901719892751565,0.892525439240398,-0.892751663156899,0.988079951220963,0.350251935755629,0.651423208519853,1.12683590494201,-22.4882669160971,240.841008213601,3.07224797382744e-16,5.90396083087382e-10,-1.0295115298387e-10,294.641288831964
331.427135678392,-529651212.845419,-541631570.751053,-25082.2952031301,30.2260033670815,-37065.0684511599,0.616604740790347,1.26040968749127,0.902770340334115,0.893538229229351,-0.893757024410027,0.98775191463805,0.350266431055173,0.651383247962606,1.12635355602688,-22.6067208428887,240.835797521083,1.02534854180477e-15,5.90396083087382e-10,-1.0295115298387e-10,294.641288831964
333.939698492462,-529943824.928872,-541887402.46042,-25093.8029012781,30.2272320630133,-37091.6323585141,0.617186814472186,1.26171700084302,0.903814889110267,0.89454538473469,-0.894756804421634,0.987426739644268,0.350280818658662,0.65134359647687,1.12587546194211,-22.7259527515314,240.8307998487,1.82356471761819e-14,5.90396083087382e-10,-1.0295115298387e-10,294.641288831964
336.452261306533,-530235320.458757,-542142361.807381,-25105.2472890462,30.2284493266619,-37118.0290885017,0.617765872571652,1.26301817328903,0.904853619195142,0.895546981748649,-0.89575107840268,0.987104379685648,0.350295100167726,0.651304249372633,1.12540155305235,-22.8459599577209,240.826011357561,6.20734983263402e-16,5.90396083087382e-10,-1.0295115298387e-10,294.641288831964
338.964824120603,-530525712.268452,-542396459.421531,-25116.6291977837,30.2296553483877,-37144.260993898,0.618341954236856,1.26431327895736,0.905886609016777,0.896543094671467,-0.896739919989322,0.986784789309528,0.350309277148436,0.651265202065418,1.1249317613764,-22.9667396157251,240.821428528373,1.39351493276436e-14,5.90396083087382e-10,-1.0295115298387e-10,294.641288831964
341.477386934673,-530815012.996716,-542649705.725282,-25127.949441838,30.230850314001,-37170.3303769392,0.618915097819608,1.26560239056279,0.906913935363996,0.897533796356383,-0.897723401287405,0.986467924130513,0.350323351132348,0.651226450073149,1.12446602053584,-23.088288664461,240.817048192118,3.75494913058191e-14,5.90396083087382e-10,-1.0295115298387e-10,294.641288831964
343.989949748744,-531103235.092196,-542902110.939403,-25139.2088190248,30.2320344049026,-37196.2394907743,0.619485340897367,1.26688557944345,0.907935673432582,0.898519158153022,-0.898701592915371,0.986153740797715,0.350337323617514,0.651187989013132,1.12400426570575,-23.2106037625703,240.812867569386,3.46745929042738e-14,5.90396083087382e-10,-1.0295115298387e-10,294.641288831964
346.502512562814,-531390390.818,-543153685.088365,-25150.4081110816,30.2332077982202,-37221.9905408657,0.620052720294427,1.26816291559632,0.908951896869824,0.899499249949269,-0.899674564045656,0.985842196963241,0.350351196069451,0.65114981459914,1.12354643356721,-23.333681208807,240.808884321153,6.84574862096505e-15,5.90396083087382e-10,-1.0295115298387e-10,294.641288831964
349.015075376884,-531676492.25638,-543404438.00551,-25161.548084106,30.2343706669392,-37247.5856863392,0.620617272102381,1.26943446771155,0.909962677817488,0.900474140211671,-0.900642382444652,0.985533251251856,0.350364969922079,0.65111192263861,1.12309246226161,-23.4575168425165,240.805096614979,3.93957818023618e-14,5.90396083087382e-10,-1.0295115298387e-10,294.641288831964
351.527638190955,-531961551.313561,-543654379.338048,-25172.6294889789,30.2355231800282,-37273.0270412866,0.621179031699874,1.27070030320566,0.910968086953312,0.901443896024441,-0.901605114511269,0.985226863231781,0.350378646578622,0.651074309029938,1.12264229134667,-23.5821059165411,240.801503212406,2.83520729358677e-15,5.90396083087382e-10,-1.0295115298387e-10,294.641288831964
354.040201005025,-532245579.724796,-543903518.551887,-25183.6530617725,30.2366655025607,-37298.3166760225,0.621738033771699,1.27196048825368,0.911968193531048,0.902408583127122,-0.902562825314186,0.984922993386569,0.350392227412481,0.651036969759875,1.1221958617541,-23.7074429310902,240.798103586255,-1.45493048472614e-15,5.90396083087382e-10,-1.0295115298387e-10,294.641288831964
356.552763819096,-532528589.059743,-544151864.936304,-25194.619524146,30.2377977958316,-37323.4566182975,0.622294312327239,1.2732150878203,0.912963065419151,0.903368265950956,-0.903515578627814,0.984621603088008,0.350405713768076,0.650999900901007,1.12175311574876,-23.8335214108254,240.794898081187,-7.22868286185602e-14,5.90396083087382e-10,-1.0295115298387e-10,294.641288831964
359.065326633166,-532810590.72832,-544399427.608467,-25205.529583727,30.2389202174694,-37348.448854469,0.622847900718299,1.27446416568997,0.913952769138128,0.90432300765403,-0.90446343696705,0.984322654570024,0.350419106961652,0.650963098609334,1.12131399688943,-23.9603335966056,240.791888138994,4.75327353261686e-15,5.90396083087382e-10,-1.0295115298387e-10,294.641288831964
361.577889447236,-533091595.987237,-544646215.517808,-25216.38393448,30.2400329215449,-37373.2953306325,0.623398831656341,1.27570778449613,0.914937369896646,0.905272870155229,-0.905406461620855,0.984026110903516,0.350432408282065,0.650926559121926,1.12087844999085,-24.0878700038709,240.78907662441,1.32934835113048e-13,5.90396083087382e-10,-1.0295115298387e-10,294.641288831964
364.090452261307,-533371615.947597,-544892237.450254,-25227.183257064,30.2411360586751,-37397.9979537134,0.623947137229155,1.27694600574945,0.915916931626411,0.90621791416705,-0.906344712684708,0.983731935972102,0.350445618991539,0.650890278754667,1.12044642108726,-24.2161187625674,240.786468314417,7.46661740994513e-15,5.90396083087382e-10,-1.0295115298387e-10,294.641288831964
366.603015075377,-533650661.584121,-545137502.032323,-25237.9282191768,30.2422297761242,-37422.5585925228,0.624492848916979,1.27817888986529,0.916891517015891,0.907158199227339,-0.907278249091985,0.983440094448727,0.350458740326391,0.650854253900067,1.1200178573972,-24.3450645768823,240.784070669188,-4.12740246905599e-15,5.90396083087382e-10,-1.0295115298387e-10,294.641288831964
369.115577889447,-533928743.74709,-545382017.735098,-25248.6194758893,30.2433142179007,-37446.9790787767,0.625035997608102,1.27940649619021,0.917861187542924,0.908093783729966,-0.908207128644301,0.983150551773107,0.350471773497742,0.650818481025165,1.11959270728952,-24.4746869700923,240.78189512547,-2.88430631778158e-14,5.90396083087382e-10,-1.0295115298387e-10,294.641288831964
371.628140703518,-534205873.179065,-545625792.878061,-25259.2576699685,30.2443895248506,-37471.2612080824,0.625576613613951,1.28062888302775,0.918826003506246,0.909024724954503,-0.909131408040856,0.982863274129961,0.350484719692192,0.650782956669485,1.11917092025062,-24.6049570358646,240.779959461239,-6.17184835361184e-14,5.90396083087382e-10,-1.0295115298387e-10,294.641288831964
374.140703517588,-534482060.540948,-545868835.63282,-25269.8434321896,30.2454558347477,-37495.4067408907,0.626114726683708,1.28184610766338,0.919786024055999,0.909951079094932,-0.910051142906827,0.982578228428003,0.350497580072482,0.650747677443078,1.1187524468529,-24.7358305530806,240.77829270152,6.39130854223098e-14,5.90396083087382e-10,-1.0295115298387e-10,294.641288831964
376.653266331658,-534757316.459702,-546111154.026715,-25280.3773816394,30.2465132823812,-37519.4174034183,0.626650366018449,1.2830582263887,0.920741307223238,0.910872901287424,-0.910966387820845,0.98229538227967,0.350510355778132,0.650712640024616,1.11833723872418,-24.8672297248621,240.776947684501,-5.43562778794747e-14,5.90396083087382e-10,-1.0295115298387e-10,294.641288831964
379.165829145729,-535031651.646335,-546352755.946308,-25290.8601260087,30.2475619996393,-37543.2948885386,0.627183560284842,1.28426529452496,0.921691909948497,0.911790245637235,-0.911877196341586,0.982014703981545,0.35052304792605,0.650677841159559,1.1179252485183,-24.9989633460736,240.776052905415,7.59718427655034e-15,5.90396083087382e-10,-1.0295115298387e-10,294.641288831964
381.678391959799,-535305077.401097,-546593649.140779,-25301.2922618766,30.2486021155904,-37567.0408566443,0.627714337628415,1.28546736644583,0.922637888109433,0.912703165244727,-0.912783621033514,0.981736162495453,0.350535657611132,0.650643277658381,1.11751642988665,-25.1306391498936,240.775877291756,1.13487286127445e-14,5.90396083087382e-10,-1.0295115298387e-10,294.641288831964
384.190954773869,-535577604.193219,-546833841.225202,-25311.6743749848,30.2496337565617,-37590.6569364821,0.628242725686401,1.28666449559948,0.923579296547595,0.913611712230578,-0.913685713491807,0.981459727430197,0.350548185906838,0.650608946394849,1.11711073745072,-25.263341029059,240.775954290078,-2.11347487965308e-14,5.90396083087382e-10,-1.0295115298387e-10,294.641288831964
386.70351758794,-535849242.66514,-547073339.683735,-25322.0070405047,30.2506570462148,-37614.1447259605,0.628768751600196,1.28785673453008,0.924516189094348,0.914515937760195,-0.914583524366507,0.981185369023916,0.350560633865743,0.650574844304367,1.11670812677554,-25.3969556986202,240.77610945541,3.69010061303213e-15,5.90396083087382e-10,-1.0295115298387e-10,294.641288831964
389.21608040201,-536120000.141632,-547312151.872708,-25332.290823295,30.2516721056188,-37637.5057929313,0.629292442027423,1.28904413489862,0.925448618595977,0.915415892067359,-0.915477103385902,0.980913058127037,0.350573002520083,0.650540968382367,1.11630855434408,-25.5320316888658,240.775552371319,8.69914075643297e-13,5.90396083087382e-10,-1.0295115298387e-10,294.641288831964
391.72864321608,-536389884.616731,-547550285.023616,-25342.5262781521,30.252679053321,-37660.7416759476,0.629813823153633,1.29022674750312,0.926376636938014,0.916311624477138,-0.91636649937919,0.980642766185788,0.350585292882272,0.650507315682755,1.11591197753239,-25.6681867052702,240.774769905536,-9.34971753546827e-14,5.90396083087382e-10,-1.0295115298387e-10,294.641288831964
394.241206030151,-536658904.51245,-547787746.246034,-25352.7139500527,30.2536780054152,-37683.8538849964,0.630332920703643,1.29140462229826,0.927300295068812,0.917203183428096,-0.91725176029844,0.980374465226268,0.350597505945407,0.650473883316405,1.11551835458571,-25.805339638187,240.773859115164,4.2539538084923e-14,5.90396083087382e-10,-1.0295115298387e-10,294.641288831964
396.753768844221,-536927068.31178,-548024542.530432,-25362.854374389,30.2546690756079,-37706.8439022099,0.63084975995254,1.29257780841451,0.928219643022386,0.918090616493813,-0.918132933239883,0.980108127839036,0.35060964268376,0.650440668449704,1.11512764459527,-25.943451949713,240.772865126295,-5.09508105405062e-14,5.90396083087382e-10,-1.0295115298387e-10,294.641288831964
399.266331658292,-537194384.471375,-548260680.750916,-25372.9480771966,30.2556523752818,-37729.7131825532,0.631364365736347,1.2937463541766,0.929134729940563,0.918973970403752,-0.919010064464546,0.979843727164204,0.350621704053248,0.650407668303144,1.11473980747589,-26.0825017383155,240.771813374388,7.98397254692767e-13,5.90396083087382e-10,-1.0295115298387e-10,294.641288831964
401.778894472362,-537460861.385297,-548496167.66789,-25382.9955753762,30.2566280135579,-37752.4631544916,0.631876762462369,1.29491030712155,0.930045604094456,0.919853291063502,-0.919883199418271,0.979581236877021,0.350633690991894,0.650374880149951,1.11435480394427,-26.2224754791133,240.770719572403,6.43632447143726e-14,5.90396083087382e-10,-1.0295115298387e-10,294.641288831964
404.291457286432,-537726507.366935,-548731009.930634,-25392.9973769081,30.2575960973549,-37775.0952206375,0.632386974119241,1.29606971401618,0.930952312905286,0.920728623574393,-0.920752382751125,0.97932063117392,0.350645604420271,0.650342301314764,1.11397259549808,-26.3633644838001,240.769593898748,-1.2045921636026e-13,5.90396083087382e-10,-1.0295115298387e-10,294.641288831964
406.804020100502,-537991330.639149,-548965214.079815,-25402.9539810606,30.2585567314474,-37797.6107583769,0.632895024286673,1.29722462087409,0.931854902964586,0.921600012252545,-0.92161765833623,0.979061884759007,0.350657445241931,0.650309929172354,1.11359314439558,-26.5051631145683,240.768443081206,-9.25566610458911e-14,5.90396083087382e-10,-1.0295115298387e-10,294.641288831964
409.316582914573,-538255339.328694,-549198786.549922,-25412.8658785923,30.2595100185214,-37820.011120478,0.633400936144907,1.29837507297222,0.932753420053792,0.922467500647335,-0.922479069288039,0.978804972830994,0.350669214343825,0.650277761146383,1.11321641363606,-26.6478677818374,240.767271554805,2.01890967315828e-14,5.90396083087382e-10,-1.0295115298387e-10,294.641288831964
411.829145728643,-538518541.463086,-549431733.671631,-25422.7335519483,30.2604560592291,-37842.2976356798,0.633904732483905,1.29952111486691,0.933647909163266,0.923331131559327,-0.92333665798006,0.97854987107054,0.350680912596708,0.650245794708194,1.11284236694074,-26.7914763374238,240.766082157652,-1.47658690524728e-14,5.90396083087382e-10,-1.0295115298387e-10,294.641288831964
414.341708542714,-538780944.968965,-549664061.67411,-25432.557475451,30.2613949522403,-37864.4716092653,0.634406435712267,1.30066279040951,0.934538414510746,0.924190947057672,-0.924190466062075,0.978296555627987,0.350692540855528,0.650214027375651,1.11247096873439,-26.9359876853298,240.764876574496,-7.05326330758411e-14,5.90396083087382e-10,-1.0295115298387e-10,294.641288831964
416.854271356784,-539042557.671414,-549895776.687249,-25442.3381154853,30.2623267942943,-37886.5343236152,0.634906067865891,1.30180014276162,0.935424979559266,0.925046988496998,-0.925040534476842,0.97804500311149,0.350704099959811,0.650182456712002,1.11210218412747,-27.0814015205232,240.763655632801,-1.59266421101917e-13,5.90396083087382e-10,-1.0295115298387e-10,294.641288831964
419.366834170854,-539303387.293908,-550126884.743835,-25452.0759306783,30.2632516802481,-37908.4870387476,0.635403650616392,1.30293321440987,0.936307647034545,0.925899296533819,-0.925886903476327,0.977795190575512,0.350715590734027,0.650151080324785,1.11173597889886,-27.227718146952,240.762419507835,5.61321661273935e-14,5.90396083087382e-10,-1.0295115298387e-10,294.641288831964
421.879396984925,-539563441.458705,-550357391.781666,-25461.7713720739,30.2641697031247,-37930.3309928397,0.635899205279272,1.30406204718028,0.937186458941881,0.926747911142456,-0.92672961263745,0.977547095509675,0.35072701398795,0.650119895864759,1.1113723194791,-27.3749383468033,240.761167869103,1.97244631847246e-14,5.90396083087382e-10,-1.0295115298387e-10,294.641288831964
424.391959798995,-539822727.687533,-550587303.645604,-25471.424883303,30.2650809541589,-37952.067402736,0.636392752821865,1.30518668225231,0.938061456582554,0.927592871630517,-0.927568700877402,0.977300695827955,0.350738370517005,0.650088901024876,1.11101117293416,-27.5230632840302,240.759899987613,3.8419289934318e-12,5.90396083087382e-10,-1.0295115298387e-10,294.641288831964
426.904522613065,-540081253.402501,-550816626.089571,-25481.036900748,30.2659855228421,-37973.6974644404,0.636884313871062,1.30630716017243,0.938932680569762,0.928434216653924,-0.928404206468501,0.977055969858208,0.350749661102606,0.650058093539275,1.11065250694972,-27.6720944314966,240.758614816139,-1.26235852054951e-13,5.90396083087382e-10,-1.0295115298387e-10,294.641288831964
429.417085427136,-540339025.927146,-551045364.778499,-25490.6078537034,30.2668834969657,-37995.2223535953,0.637373908720808,1.30742352086743,0.939800170844102,0.929271984231524,-0.929236167052652,0.976812896332017,0.350760886512484,0.65002747118231,1.11029628981589,-27.8220335148235,240.757311050425,3.47803785160053e-14,5.90396083087382e-10,-1.0295115298387e-10,294.641288831964
431.929648241206,-540596052.487608,-551273525.290214,-25500.1381645317,30.2677749626629,-38016.6432259455,0.637861557339405,1.30853580365732,0.940663966688617,0.930106211759278,-0.930064619655378,0.976571454374841,0.350772047501004,0.649997031767609,1.10994249041246,-27.9728824683013,240.755987176589,-2.11425105316077e-15,5.90396083087382e-10,-1.0295115298387e-10,294.641288831964
434.442211055276,-540852340.213872,-551501113.117278,-25509.6282488149,30.2686600044498,-38037.9612177906,0.638347279376604,1.30964404726788,0.94152410674342,0.930936936024062,-0.930889600699474,0.976331623496468,0.350783144809473,0.64996677314715,1.1095910781945,-28.1246433996831,240.754641508366,-1.36205822658014e-15,5.90396083087382e-10,-1.0295115298387e-10,294.641288831964
436.954773869347,-541107896.141059,-551728133.668782,-25519.0785155021,30.2695387052647,-38059.177446423,0.638831094170507,1.31074828984295,0.942380629019904,0.93176419321708,-0.931711146018273,0.976093383581744,0.350794179166443,0.64993669321038,1.10924202317852,-28.2773185616465,240.753272216732,-5.61972637594044e-14,5.90396083087382e-10,-1.0295115298387e-10,294.641288831964
439.467336683417,-541362727.210766,-551954592.272088,-25528.4893670527,30.2704111465063,-38080.2930105543,0.639313020754278,1.31184856895628,0.943233570914563,0.932588018946906,-0.932529290868548,0.975856714881586,0.350805151287999,0.649906789883342,1.1088952959289,-28.4309103282927,240.751877353718,-1.90825741572695e-14,5.90396083087382e-10,-1.0295115298387e-10,294.641288831964
441.979899497487,-541616840.272426,-552180494.174523,-25537.8611995757,30.2712774080712,-38101.3089907298,0.63979307786267,1.31294492162324,0.944082969222431,0.933408448252165,-0.933344069943055,0.975621598004254,0.350816061878046,0.649877061127842,1.10855086754483,-28.5854211755702,240.75045487175,-1.5818870932526e-15,5.90396083087382e-10,-1.0295115298387e-10,294.641288831964
444.492462311558,-541870242.08467,-552405844.545033,-25547.1944029658,30.2721375683897,-38122.2264497313,0.640271283938384,1.31403738431207,0.944928860150153,0.93422551561387,-0.934155517382742,0.975388013906889,0.350826911628581,0.649847504940629,1.10820870964759,-28.7408536647119,240.74900263949,5.78017161352292e-14,5.90396083087382e-10,-1.0295115298387e-10,294.641288831964
447.005025125628,-542122939.316714,-552630648.475793,-25556.4893610355,30.272991704461,-38143.0464329685,0.640747657138247,1.31512599295492,0.945771279328691,0.935039254967428,-0.934963666788616,0.975155943887285,0.35083770121996,0.649818119352604,1.10786879436821,-28.8972104280892,240.747518454912,9.71039650236504e-14,5.90396083087382e-10,-1.0295115298387e-10,294.641288831964
449.517587939699,-542374938.549731,-552854910.983774,-25565.746451643,30.2738398918871,-38163.7699688597,0.641222215339236,1.31621078295862,0.946610261825697,0.935849699714306,-0.935768551233292,0.974925369575913,0.35084843132116,0.649788902428048,1.10753109433548,-29.0544941569473,240.746000056172,3.62044922538514e-15,5.90396083087382e-10,-1.0295115298387e-10,294.641288831964
452.030150753769,-542626246.278224,-553078637.012268,-25574.9660468181,30.2746822049057,-38184.3980692029,0.641694976144328,1.31729178921512,0.947445842157547,0.936656882733402,-0.936570203272237,0.974696272928166,0.350859102590032,0.649759852263876,1.10719558266433,-29.2127075906966,240.744445130712,-1.85374502311004e-13,5.90396083087382e-10,-1.0295115298387e-10,294.641288831964
454.542713567839,-542876868.911391,-553301831.432373,-25584.1485128834,30.2755187164225,-38204.9317295349,0.642165956888212,1.31836904611174,0.948278054301046,0.937460836392096,-0.937368654954705,0.974468636216834,0.350869715673546,0.649730966988908,1.10686223294452,-29.3718535074133,240.742851322915,3.10500346121718e-15,5.90396083087382e-10,-1.0295115298387e-10,294.641288831964
457.05527638191,-543126812.774473,-553524499.044448,-25593.2942105732,30.2763494980421,-38225.371929483,0.642635174642839,1.31944258754108,0.949106931704833,0.93826159255702,-0.938163937834389,0.97424244202479,0.350880271208027,0.649702244763157,1.10653101922967,-29.5319347153683,240.741216240593,-1.32474739674762e-13,5.90396083087382e-10,-1.0295115298387e-10,294.641288831964
459.56783919598,-543376084.110101,-553746644.579519,-25602.4034951489,30.2771746200982,-38245.7196331052,0.643102646222833,1.32051244691077,0.949932507300471,0.939059182604534,-0.938956082979782,0.974017673237884,0.350890769819393,0.649673683777148,1.10620191602659,-29.692954045369,240.739537460508,-2.21518767074168e-13,5.90396083087382e-10,-1.0295115298387e-10,294.641288831964
462.08040201005,-543624689.079612,-553968272.700659,-25611.4767165114,30.2779941516832,-38265.9757892225,0.643568388190756,1.3215786571529,0.950754813513254,0.939853637430926,-0.939745120984276,0.973794313038037,0.350901212123377,0.649645282251244,1.10587489828495,-29.854914343781,240.737812533084,-8.26509937060732e-14,5.90396083087382e-10,-1.0295115298387e-10,294.641288831964
464.592964824121,-543872633.76436,-554189388.004329,-25620.514219311,30.2788081606762,-38286.1413317418,0.644032416862248,1.32264125073329,0.951573882272724,0.940644987462357,-0.940531081975992,0.973572344896537,0.350911598725749,0.649617038434994,1.10554994138717,-30.0178184661195,240.736038986467,2.37061072673929e-14,5.90396083087382e-10,-1.0295115298387e-10,294.641288831964
467.105527638191,-544119924.167005,-554409995.021684,-25629.5163430538,30.2796167137715,-38306.2171799705,0.644494748311023,1.32370025966045,0.952389745022916,0.941433262664531,-0.941313995627348,0.973351752567508,0.350921930222529,0.649588950606503,1.10522702113866,-30.1816692711086,240.734214330016,-1.98874389713261e-14,5.90396083087382e-10,-1.0295115298387e-10,294.641288831964
469.618090452261,-544366566.212784,-554630098.219852,-25638.483422206,30.2804198765049,-38326.2042389227,0.644955398373741,1.32475571549439,0.953202432732337,0.942218492552125,-0.942093891164393,0.973132520081576,0.350932207200195,0.649561017071812,1.10490611375831,-30.3464696151072,240.732336057338,1.12225510391512e-14,5.90396083087382e-10,-1.0295115298387e-10,294.641288831964
472.130653266332,-544612565.750762,-554849702.003176,-25647.4157862949,30.2812177132801,-38346.1033996171,0.645414382654765,1.32580764935522,0.954011975903686,0.943000706197976,-0.942870797375889,0.9729146317397,0.350942430235888,0.649533236164302,1.10458719586921,-30.5122223468988,240.73040164892,-5.13867527943373e-15,5.90396083087382e-10,-1.0295115298387e-10,294.641288831964
474.643216080402,-544857928.555067,-555068810.714425,-25656.3137600082,30.2820102873941,-38365.9155393678,0.645871716530782,1.32685609193146,0.954818404583328,0.943779932242028,-0.943644742622166,0.972698072107176,0.350952599897607,0.649505606244105,1.10427024448971,-30.6789303027305,240.728408574435,2.07246074268845e-14,5.90396083087382e-10,-1.0295115298387e-10,294.641288831964
477.155778894472,-545102660.326102,-555287428.635981,-25665.17766329,30.282797661062,-38385.6415220666,0.646327415155324,1.32790107348825,0.955621748370519,0.944556198900053,-0.94441575484375,0.972482826007806,0.350962716744404,0.649478125697539,1.10395523702461,-30.8465963015765,240.726354294763,5.37612427364453e-14,5.90396083087382e-10,-1.0295115298387e-10,294.641288831964
479.668341708543,-545346766.691738,-555505559.990993,-25674.0078114348,30.2835798954413,-38405.2821984592,0.646781493463162,1.32894262387528,0.956422036426401,0.945329533972153,-0.945183861569773,0.972268878518223,0.350972781326567,0.649450792936556,1.10364215125672,-31.0152231406269,240.72423626377,-3.32731794201112e-14,5.90396083087382e-10,-1.0295115298387e-10,294.641288831964
482.180904522613,-545590253.208488,-555723208.944502,-25682.804515179,30.2843570506548,-38424.8384064129,0.647233966174604,1.32998077253463,0.957219297482776,0.946099964851048,-0.945949089926172,0.972056214962373,0.350982794185808,0.649423606398197,1.10333096533851,-31.1848135908881,240.722051929886,7.84421583348102e-16,5.90396083087382e-10,-1.0295115298387e-10,294.641288831964
484.693467336683,-545833125.36266,-555940379.60454,-25691.5680807903,30.2851291858138,-38444.310971179,0.647684847799673,1.33101554850828,0.958013559850641,0.946867518530152,-0.946711466643679,0.971844820906147,0.350992755855436,0.649396564544074,1.10302165778411,-31.3553703929737,240.71979873751,1.96425576939455e-14,5.90396083087382e-10,-1.0295115298387e-10,294.641288831964
487.206030150754,-546075388.57149,-556157076.023206,-25700.2988101549,30.2858963590402,-38463.7007056468,0.648134152642194,1.33204698044561,0.958804851428533,0.947632221611449,-0.947471018065618,0.971634682152145,0.351002666860532,0.649369665859856,1.10271420746146,-31.5268962529731,240.717474128258,-9.52777194492543e-15,5.90396083087382e-10,-1.0295115298387e-10,294.641288831964
489.718592964824,-546317048.18426,-556373302.19771,-25708.997000862,30.2866586274879,-38483.0084105931,0.648581894803776,1.33307509661059,0.959593199710646,0.94839410031318,-0.948227770155501,0.971425784734601,0.351012527718117,0.649342908854768,1.10240859358468,-31.6993938384194,240.715075542094,-9.4395811299301e-14,5.90396083087382e-10,-1.0295115298387e-10,294.641288831964
492.231155778895,-546558109.483386,-556589062.071397,-25717.6629462873,30.2874160473638,-38502.2348749237,0.649028088187694,1.33409992488887,0.960378631794757,0.949153180477329,-0.948981748504442,0.971218114914418,0.351022338937318,0.64931629206111,1.10210479570661,-31.8728657743525,240.712600418347,2.4862406743893e-14,5.90396083087382e-10,-1.0295115298387e-10,294.641288831964
494.743718592965,-546798577.685498,-556804359.534745,-25726.2969356735,30.2881686739485,-38521.3808759098,0.649472746502682,1.33512149279471,0.961161174389958,0.949909487576937,-0.949732978338391,0.971011659174357,0.351032101019524,0.649289814033784,1.10180279371166,-32.0473146394454,240.710046196632,1.03936392369429e-13,5.90396083087382e-10,-1.0295115298387e-10,294.641288831964
497.256281407035,-547038457.942497,-557019198.426342,-25734.899254209,30.2889165616158,-38540.4471794186,0.649915883266636,1.33613982747767,0.961940853824193,0.950663046723227,-0.950481484525179,0.970806404214332,0.351041814458547,0.64926347334983,1.1015025678087,-32.2227429621614,240.707410317704,1.41984944562239e-13,5.90396083087382e-10,-1.0295115298387e-10,294.641288831964
499.768844221106,-547277755.342587,-557233582.533832,-25743.4701831056,30.2896597638524,-38559.4345401374,0.650357511810217,1.3371549557293,0.962717696051615,0.951413882672562,-0.951227291581412,0.970602336946847,0.351051479740774,0.649237268607979,1.10120409852423,-32.3991532169878,240.70469022423,1.11777793420397e-14,5.90396083087382e-10,-1.0295115298387e-10,294.641288831964
502.281407035176,-547516474.911297,-557447515.594852,-25752.009999673,30.2903983332766,-38578.343701793,0.650797645280383,1.33816690398947,0.963491726659761,0.952162019833234,-0.951970423679176,0.970399444492534,0.351061097345309,0.649211198428218,1.10090736669572,-32.5765478206847,240.701883361516,-2.35652863349797e-14,5.90396083087382e-10,-1.0295115298387e-10,294.641288831964
504.793969849246,-547754621.612482,-557661001.297934,-25760.5189773925,30.2911323216565,-38597.1753973651,0.651236296643828,1.33917569835278,0.96426297087656,0.952907482272088,-0.9527109046526,0.970197714175818,0.351070667744127,0.649185261451357,1.10061235346508,-32.7549291285647,240.698987178178,-6.27569729265913e-14,5.90396083087382e-10,-1.0295115298387e-10,294.641288831964
507.306532663317,-547992200.349301,-557874043.283397,-25768.9973859889,30.2918617799282,-38615.9303492954,0.65167347869034,1.34018136457463,0.965031453577164,0.953650293720987,-0.953448758004248,0.969997133520692,0.351080191402206,0.649159456338618,1.10031904027236,-32.9342994308091,240.695999126781,-3.02884183503304e-15,5.90396083087382e-10,-1.0295115298387e-10,294.641288831964
509.819095477387,-548229215.965184,-558086645.144212,-25777.4454914997,30.2925867582129,-38634.6092696899,0.652109204036085,1.34118392807729,0.965797199290624,0.954390477583125,-0.954184006911369,0.969797690246593,0.351089668777671,0.649133781771226,1.10002740884953,-33.1146609487653,240.692916664442,-6.60110188519694e-15,5.90396083087382e-10,-1.0295115298387e-10,294.641288831964
512.331658291457,-548465673.24478,-558298810.426847,-25785.8635563442,30.2933073058343,-38653.2128605187,0.652543485126808,1.34218341395573,0.966560232206404,0.955128056939193,-0.954916674231989,0.969599372264393,0.351099100321927,0.649108236450015,1.09973744121452,-33.2960158313117,240.689737253399,-5.08730307824237e-15,5.90396083087382e-10,-1.0295115298387e-10,294.641288831964
514.844221105528,-548701576.914882,-558510542.632101,-25794.2518393898,30.2940234713346,-38671.7418138086,0.652976334240963,1.34317984698342,0.967320576180738,0.955863054553389,-0.955646782510869,0.969402167672486,0.351108486479789,0.649082819095044,1.09944911966531,-33.4783661511694,240.686458361571,1.90979326679828e-13,5.90396083087382e-10,-1.0295115298387e-10,294.641288831964
517.356783919598,-548936931.645345,-558721845.215905,-25802.6105960173,30.294735302491,-38690.196811833,0.653407763492773,1.34417325161795,0.96807825474284,0.956595492879299,-0.956374353985316,0.969206064752972,0.351117827689608,0.649057528445213,1.09916242677426,-33.661713901266,240.68307746309,5.32306628516516e-13,5.90396083087382e-10,-1.0295115298387e-10,294.641288831964
519.869346733668,-549171742.049977,-558932721.59012,-25810.9400781847,30.2954428463312,-38708.5785272958,0.653837784835214,1.34516365200649,0.968833291100973,0.957325394065634,-0.957099410590862,0.969011051967944,0.351127124383401,0.649032363257906,1.0988773453825,-33.8460609910832,240.679592038825,2.04062025381027e-14,5.90396083087382e-10,-1.0295115298387e-10,294.641288831964
522.381909547739,-549406012.687421,-559143175.123307,-25819.2405344889,30.296146149149,-38726.8876235122,0.654266410062931,1.34615107199117,0.969585708148366,0.958052779961836,-0.957821973966811,0.968817117955858,0.351136376986966,0.649007322308622,1.09859385859454,-34.0314092429859,240.675999576901,-4.21789117231174e-14,5.90396083087382e-10,-1.0295115298387e-10,294.641288831964
524.894472361809,-549639748.062021,-559353209.141483,-25827.5122102271,30.2968452565187,-38745.1247545844,0.654693650815096,1.3471355351144,0.970335528469001,0.958777672123553,-0.958542065461655,0.968624251528002,0.351145585920008,0.648982404390632,1.09831194977293,-34.2177603885928,240.672297573201,-5.46263741667545e-14,5.90396083087382e-10,-1.0295115298387e-10,294.641288831964
527.407035175879,-549872952.624664,-559562826.928862,-25835.755347456,30.2975402133103,-38763.2905655733,0.655119518578188,1.34811706462394,0.971082774343269,0.959500091817988,-0.959259706138369,0.968432441665049,0.351154751596247,0.648957608314637,1.09803160253315,-34.4051160650929,240.668483531875,1.28293784066598e-13,5.90396083087382e-10,-1.0295115298387e-10,294.641288831964
529.91959798995,-550105630.773619,-559772031.728574,-25843.9701850495,30.2982310637031,-38781.3856926666,0.655544024688719,1.34909568347797,0.971827467753486,0.960220060029127,-0.959974916779579,0.968241677513693,0.351163874423541,0.648932932908431,1.09775280073853,-34.5934778116203,240.664554965842,1.21873017493911e-14,5.90396083087382e-10,-1.0295115298387e-10,294.641288831964
532.43216080402,-550337786.85535,-559980826.743379,-25852.156958756,30.2989178512,-38799.4107633426,0.655967180335898,1.35007141435001,0.972569630389293,0.960937597462846,-0.960687717892623,0.968051948383369,0.351172954803986,0.648908377016577,1.09747552849536,-34.7828470655354,240.660509397298,3.22731815492995e-14,5.90396083087382e-10,-1.0295115298387e-10,294.641288831964
534.94472361809,-550569425.165321,-560189215.136351,-25860.3159012533,30.2996006186407,-38817.3663965301,0.656388996564232,1.35104427963374,0.973309283652927,0.961652724551901,-0.961398129714483,0.967863243743056,0.351181993134033,0.648883939500092,1.09719977014808,-34.973225158799,240.656344358227,1.08548355906616e-13,5.90396083087382e-10,-1.0295115298387e-10,294.641288831964
537.457286432161,-550800549.948786,-560397200.031559,-25868.4472422034,30.3002794082148,-38835.2532027652,0.65680948427607,1.35201430144771,0.974046448664374,0.962365461460813,-0.962106172216617,0.967675553218153,0.351190989804587,0.648859619236135,1.09692551027464,-35.1646133142665,240.652057390913,-6.3428999967074e-14,5.90396083087382e-10,-1.0295115298387e-10,294.641288831964
539.969849246231,-551031165.401558,-560604784.51473,-25876.551208305,30.300954261475,-38853.0717843441,0.657228654234093,1.35298150163997,0.974781146266407,0.963075828090631,-0.962811865109675,0.967488866587429,0.351199945201113,0.648835415117701,1.09665273368189,-35.3570126420038,240.647646048466,4.24725381327513e-14,5.90396083087382e-10,-1.0295115298387e-10,294.641288831964
542.482412060302,-551261275.670774,-560811971.633891,-25884.6280233456,30.3016252193495,-38870.8227354722,0.657646517063748,1.35394590179253,0.975513397029511,0.963783844083596,-0.96351522784812,0.967303173780057,0.351208859703738,0.64881132605333,1.09638142540117,-35.5504241356197,240.643107895351,1.30081126897227e-14,5.90396083087382e-10,-1.0295115298387e-10,294.641288831964
544.994974874372,-551490884.855639,-561018764.400009,-25892.6779082522,30.302292322154,-38888.5066424104,0.658063083255623,1.35490752322588,0.976243221256693,0.964489528827704,-0.964216279634728,0.967118464872706,0.351217733687346,0.648787350966815,1.09611157068396,-35.7448486685478,240.63844050793,3.54047370967441e-14,5.90396083087382e-10,-1.0295115298387e-10,294.641288831964
547.507537688442,-551719997.008159,-561225165.787607,-25900.7010811408,30.3029556096037,-38906.1240836175,0.658478363167782,1.35586638700322,0.976970638988196,0.965192901461158,-0.964915039425009,0.96693473008671,0.351226567521675,0.648763488796919,1.09584315499759,-35.940286990354,240.633641475014,6.86662140020014e-14,5.90396083087382e-10,-1.0295115298387e-10,294.641288831964
550.020100502513,-551948616.133864,-561431178.735376,-25908.6977573652,30.3036151208254,-38923.6756298899,0.658892367028035,1.35682251393477,0.977695670006094,0.965893980876731,-0.965611525931514,0.966751959785301,0.351235361571414,0.648739738497105,1.09557616402118,-36.1367397230479,240.628708398426,9.2993876284224e-14,5.90396083087382e-10,-1.0295115298387e-10,294.641288831964
552.532663316583,-552176746.192513,-561636806.146761,-25916.6681495639,30.3042708943681,-38941.1618444978,0.659305104936171,1.35777592458187,0.978418333838798,0.966592785726028,-0.966305757628058,0.966570144470911,0.351244116196289,0.648716099035256,1.09531058364151,-36.3342073573801,240.623638893576,-2.33235995374938e-13,5.90396083087382e-10,-1.0295115298387e-10,294.641288831964
555.045226130653,-552404391.098789,-561842050.890551,-25924.6124677069,30.3049229682147,-38958.5832833186,0.659716586866135,1.35872663926107,0.979138649765459,0.967289334423658,-0.966997752753845,0.966389274782532,0.351252831751158,0.648692569393421,1.09504639994916,-36.5326902491175,240.618430590059,-3.02873664446307e-13,5.90396083087382e-10,-1.0295115298387e-10,294.641288831964
557.557788944724,-552631554.722981,-562046915.801443,-25932.5309191411,30.3055713797928,-38975.940494967,0.660126822668161,1.3596746780481,0.979856636820271,0.967983645151313,-0.967687529317504,0.966209341493142,0.351261508586095,0.648669148567554,1.09478359923459,-36.7321886153776,240.613081132249,3.44535522007586e-14,5.90396083087382e-10,-1.0295115298387e-10,294.641288831964
560.070351758794,-552858240.891655,-562251403.680604,-25940.4237086348,30.3062161659848,-38993.2340209232,0.660535822070859,1.36062006078178,0.980572313796687,0.968675735861756,-0.968375105101041,0.96603033550719,0.351270147046479,0.648645835567262,1.0945221679844,-36.9327025309236,240.607588179925,-1.29605136009174e-13,5.90396083087382e-10,-1.0295115298387e-10,294.641288831964
562.582914572864,-553084453.388314,-562455517.296212,-25948.291038421,30.3068573631389,-39010.4643956564,0.660943594683259,1.36156280706782,0.981285699251541,0.969365624282732,-0.969060497663702,0.965852247858139,0.351278747473075,0.648622629415559,1.09426209287765,-37.1342319244598,240.601949408902,-4.22955073519881e-13,5.90396083087382e-10,-1.0295115298387e-10,294.641288831964
565.095477386935,-553310195.954045,-562659259.383995,-25956.13310824,30.3074950070785,-39027.6321467479,0.661350149996808,1.36250293628257,0.981996811509077,0.970053327920784,-0.969743724345753,0.965675069706065,0.351287310202115,0.648599529148627,1.09400336078227,-37.3367765749652,240.596162511686,-2.49043672963433e-13,5.90396083087382e-10,-1.0295115298387e-10,294.641288831964
567.608040201005,-553535472.28815,-562862632.647751,-25963.9501153814,30.3081291331127,-39044.7377950097,0.661755497387331,1.36344046757668,0.9827056686649,0.970738864064996,-0.970424802272184,0.965498792335311,0.351295835565384,0.648576533815579,1.09374595875155,-37.5403361080308,240.590225198135,-6.75035467025038e-14,5.90396083087382e-10,-1.0295115298387e-10,294.641288831964
570.120603015075,-553760286.048777,-563065639.759866,-25971.7422547244,30.3087597760455,-39061.7818546012,0.662159646116944,1.3643754198787,0.983412288589837,0.971422249790652,-0.971103748356327,0.965323407152197,0.351304323890289,0.648553642478231,1.09348987402073,-37.7449099921907,240.584135196145,-3.05796108425387e-13,5.90396083087382e-10,-1.0295115298387e-10,294.641288831964
572.633165829146,-553984640.853532,-563268283.361811,-25979.5097187781,30.3093869701855,-39078.7648331439,0.66256260533593,1.36530781189859,0.984116688933714,0.972103501962816,-0.971780579303404,0.965148905682781,0.351312775499946,0.648530854210875,1.09323509400359,-37.9504975352707,240.577890252349,1.97294627997807e-13,5.90396083087382e-10,-1.0295115298387e-10,294.641288831964
575.145728643216,-554208540.280082,-563470566.064638,-25987.2526977205,30.3100107493547,-39095.6872318325,0.662964384084578,1.36623766213115,0.984818887129062,0.972782637239845,-0.972455311613995,0.964975279570669,0.351321190713245,0.648508168100063,1.09298160628926,-38.1570978808082,240.571488132828,-2.48894145027529e-13,5.90396083087382e-10,-1.0295115298387e-10,294.641288831964
577.658291457286,-554431987.866746,-563672490.44946,-25994.9713794368,30.3106311468979,-39112.5495455446,0.663364991294981,1.36716498885943,0.985518900394734,0.973459672076814,-0.973127961587439,0.964802520574877,0.351329569844932,0.648485583244387,1.09272939863895,-38.3647100043955,240.564926623851,-4.48471626167903e-13,5.90396083087382e-10,-1.0295115298387e-10,294.641288831964
580.170854271357,-554654987.11308,-563874059.067925,-26002.6659495569,30.3112481956913,-39129.3522629476,0.663764435792797,1.36808981015803,0.986216745739454,0.974134622728883,-0.973798545325155,0.96463062056774,0.351337913205675,0.648463098754273,1.09247845898285,-38.5733327101437,240.558203532618,-3.99554092416865e-13,5.90396083087382e-10,-1.0295115298387e-10,294.641288831964
582.683417085427,-554877541.48045,-564075274.44268,-26010.336591492,30.311861928151,-39146.0958666034,0.664162726298975,1.36901214389634,0.986912439965286,0.974807505254589,-0.974467078733906,0.964459571532865,0.351346221102135,0.648440713751771,1.09222877541709,-38.7829646271274,240.551316688029,-4.3032148428353e-13,5.90396083087382e-10,-1.0295115298387e-10,294.641288831964
585.195979899498,-555099654.392594,-564276139.067822,-26017.9834864709,30.3124723762415,-39162.7808330711,0.664559871431446,1.36993200774171,0.98760599967104,0.975478335519066,-0.975133577528982,0.964289365563138,0.351354493837038,0.648418427370358,1.0919803362007,-38.9936042058672,240.544263941463,-2.74240487465814e-13,5.90396083087382e-10,-1.0295115298387e-10,294.641288831964
587.708542713568,-555321329.236176,-564476655.409345,-26025.6068135748,30.313079571484,-39179.4076330068,0.664955879706777,1.37084941916262,0.988297441255594,0.976147129197202,-0.97579805723733,0.964119994858765,0.351362731709238,0.648396238754738,1.09173312975276,-39.2052497148453,240.537043167579,-8.66169918044514e-14,5.90396083087382e-10,-1.0295115298387e-10,294.641288831964
590.221105527638,-555542569.361329,-564676825.905575,-26033.2067497723,30.313683544964,-39195.9767312628,0.665350759541797,1.37176439543166,0.988986780921162,0.976813901776732,-0.976460533200608,0.963951451725362,0.351370935013786,0.648374147060651,1.09148714464945,-39.417899237063,240.529652265128,5.80386243386744e-14,5.90396083087382e-10,-1.0295115298387e-10,294.641288831964
592.733668341709,-555763378.082193,-564876652.967598,-26040.7834699528,30.3142843273397,-39212.4885869828,0.665744519255181,1.37267695362861,0.989674034676483,0.977478668561269,-0.977121020578187,0.963783728572086,0.351379104041991,0.648352151454683,1.09124236962136,-39.6315506666537,240.522089157785,8.1962439155598e-13,5.90396083087382e-10,-1.0295115298387e-10,294.641288831964
595.246231155779,-555983758.677436,-565076138.97968,-26048.3371469598,30.3148819488493,-39228.9436536969,0.666137167069012,1.37358711064331,0.990359218339952,0.978141444673263,-0.977779534350084,0.963616817909807,0.351387239081487,0.648330251114083,1.09099879355064,-39.8462017055279,240.514351794995,-3.71451254024759e-13,5.90396083087382e-10,-1.0295115298387e-10,294.641288831964
597.758793969849,-556203714.390775,-565275286.299676,-26055.8679516236,30.3154764393185,-39245.3423794135,0.666528711110305,1.37449488317859,0.991042347542683,0.978802245056919,-0.97843608931984,0.963450712349321,0.351395340416292,0.648308445226579,1.09075640546845,-40.0618498600428,240.506438152833,1.84461829648244e-15,5.90396083087382e-10,-1.0295115298387e-10,294.641288831964
600.27135678392,-556423248.431484,-565474097.259434,-26063.3760527926,30.316067828168,-39261.6852067094,0.666919159412503,1.3754002877531,0.991723437731517,0.979461084481033,-0.979090700117338,0.963285404599599,0.35140340832687,0.648286732990205,1.09051519455223,-40.2784924378092,240.498346234877,-9.04015246153067e-13,5.90396083087382e-10,-1.0295115298387e-10,294.641288831964
602.78391959799,-556642363.974893,-565672574.165189,-26070.8616173651,30.3166561444206,-39277.972572819,0.667308519916944,1.37630334070406,0.992402504171957,0.980117977541793,-0.979743381201564,0.963120887466074,0.351411443090187,0.648265113613126,1.09027515012322,-40.4961265444464,240.490074073104,-1.61206895725458e-13,5.90396083087382e-10,-1.0295115298387e-10,294.641288831964
605.29648241206,-556861064.162881,-565870719.297951,-26078.3248103193,30.3172414167079,-39294.2049097204,0.667696800474299,1.37720405818998,0.993079561951056,0.980772938665504,-0.980394146863315,0.962957153848971,0.351419444979774,0.648243586313468,1.09003626164392,-40.7147490805147,240.481619728785,-2.84419684290027e-13,5.90396083087382e-10,-1.0295115298387e-10,294.641288831964
607.809045226131,-557079352.104358,-566068534.913886,-26085.7657947438,30.317823673278,-39310.3826442205,0.668084008845977,1.37810245619335,0.993754625980243,0.981425982111276,-0.981043011227851,0.962794196741663,0.35142741426578,0.648222150319153,1.08979851871565,-40.9343567384072,240.472981293408,-4.10801195181556e-13,5.90396083087382e-10,-1.0295115298387e-10,294.641288831964
610.321608040201,-557297230.875743,-566266023.244687,-26093.1847318665,30.3184029420011,-39326.5061980385,0.668470152705509,1.37899855052326,0.994427710998089,0.982077121973648,-0.981689988257492,0.962632009229071,0.351435351215027,0.648200804867734,1.08956191107616,-41.1549459993898,240.464156889603,-6.52568798902036e-14,5.90396083087382e-10,-1.0295115298387e-10,294.641288831964
612.834170854271,-557514703.521428,-566463186.497941,-26100.5817810839,30.318979250377,-39342.5759878869,0.668855239639903,1.37989235681795,0.995098831573023,0.982726372185163,-0.982335091754171,0.962470584486092,0.351443256091068,0.64817954920624,1.08932642859726,-41.3765131306947,240.455144672085,3.75250903026025e-13,5.90396083087382e-10,-1.0295115298387e-10,294.641288831964
615.346733668342,-557731773.054247,-566660026.857486,-26107.9570999887,30.3195526255411,-39358.5924255519,0.66923927715097,1.38078389054735,0.995768002105993,0.98337374651889,-0.982978335361928,0.962309915776065,0.351451129154237,0.648158382591015,1.08909206128254,-41.5990541827062,240.445942828603,-8.6129753521463e-15,5.90396083087382e-10,-1.0295115298387e-10,294.641288831964
617.859296482412,-557948442.455917,-566856546.483764,-26115.310844398,30.3201230942706,-39374.5559179716,0.669622272656626,1.38167316701554,0.996435236833073,0.984019258590902,-0.983619732569364,0.962149996449263,0.351458970661705,0.64813730428757,1.08885879926513,-41.8225649861829,240.436549580902,1.8970628557409e-13,5.90396083087382e-10,-1.0295115298387e-10,294.641288831964
620.371859296482,-558164714.677494,-567052747.514168,-26122.6431683805,30.3206906829909,-39390.4668673123,0.670004233492171,1.38256020136321,0.99710054982802,0.9846629218627,-0.984259296712035,0.961990819941427,0.351466780867525,0.64811631357043,1.08862663280548,-42.0470411496413,240.426963185699,-6.43483997773468e-13,5.90396083087382e-10,-1.0295115298387e-10,294.641288831964
622.884422110553,-558380592.639803,-567248632.063375,-26129.9542242827,30.3212554177817,-39406.3256710444,0.67038516691154,1.38344500856998,0.997763955004782,0.985304749643595,-0.984897040974814,0.961832379772316,0.351474560022689,0.648095409722988,1.08839555228922,-42.272478056787,240.417181935657,-9.33152835725441e-13,5.90396083087382e-10,-1.0295115298387e-10,294.641288831964
625.396984924623,-558596079.233877,-567444202.223686,-26137.2441627553,30.3218173243824,-39422.1327220156,0.670765080088531,1.38432760345683,0.998425466119958,0.985944755093035,-0.985532978394195,0.961674669544305,0.351482308375172,0.648074592037363,1.08816554822505,-42.4988708640623,240.407204160376,1.30187217643021e-13,5.90396083087382e-10,-1.0295115298387e-10,294.641288831964
627.909547738694,-558811177.321376,-567639460.065346,-26144.5131327789,30.3223764281985,-39437.8884085235,0.67114398011801,1.3852080006883,0.999085096775205,0.9865829512229,-0.986167121860559,0.961517682940995,0.351490026169983,0.648053859814255,1.08793661124266,-42.726214498326,240.397028227383,-1.94714460118824e-13,5.90396083087382e-10,-1.0295115298387e-10,294.641288831964
630.422110552764,-559025889.735007,-567834407.636867,-26151.7612816887,30.3229327543068,-39453.5931143863,0.671521874017095,1.38608621477483,0.999742860419604,0.98721935089974,-0.986799484120395,0.961361413725863,0.351497713649212,0.648033212362815,1.08770873209074,-42.9545036545639,240.38665254314,4.92457613891968e-13,5.90396083087382e-10,-1.0295115298387e-10,294.641288831964
632.934673366834,-559240219.278933,-568029046.965343,-26158.9887551999,30.3234863274612,-39469.2472190125,0.671898768726314,1.38696226007491,1.00039877035198,0.98785396684698,-0.987430077778477,0.961205855740937,0.351505371052074,0.648012649000498,1.08748190163494,-43.1837327938184,240.37607555404,-4.51883978089134e-13,5.90396083087382e-10,-1.0295115298387e-10,294.641288831964
635.447236180905,-559454168.729181,-568223380.056756,-26166.1956974312,30.324037172098,-39484.8510974684,0.672274671110743,1.3878361507973,1.00105283972318,0.988486811647077,-0.988058915300005,0.961051002905493,0.351512998614958,0.647992169052945,1.087256110856,-43.4138961411337,240.365295747426,-1.15739795133175e-13,5.90396083087382e-10,-1.0295115298387e-10,294.641288831964
637.959798994975,-559667740.834038,-568417408.896282,-26173.3822509286,30.3245853123411,-39500.405120546,0.672649587961126,1.38870790100312,1.00170508153828,0.989117897743636,-0.988686009012694,0.960896849214789,0.351520596571468,0.647971771853838,1.0870313508478,-43.6449876837262,240.354311652591,-5.77254322088489e-14,5.90396083087382e-10,-1.0295115298387e-10,294.641288831964
640.472361809045,-559880938.314441,-568611135.448586,-26180.5485566894,30.3251307720076,-39515.9096548275,0.673023525994964,1.38957752460798,1.00235550865883,0.989747237443494,-0.989311371108836,0.960743388738816,0.351528165152468,0.647951456744786,1.08680761281552,-43.8770011692007,240.343121841797,7.89831180193533e-14,5.90396083087382e-10,-1.0295115298387e-10,294.641288831964
642.984924623116,-560093763.864366,-568804561.658112,-26187.694754184,30.3256735746125,-39531.36506275,0.673396491857596,1.39044503538403,1.00300413380492,0.99037484291875,-0.989935013647317,0.960590615621074,0.351535704586127,0.647931223075191,1.08658488807382,-44.1099301039644,240.331724931288,-1.06143059542596e-13,5.90396083087382e-10,-1.0295115298387e-10,294.641288831964
645.497487437186,-560306220.151205,-568997689.449376,-26194.8209813793,30.3262137433737,-39546.7717026686,0.673768492123255,1.39131044696197,1.00365096955738,0.991000726208772,-0.990556948555594,0.960438524077384,0.351543215097955,0.647911070202128,1.08636316804502,-44.3437677516935,240.3201195823,-4.04357829037505e-14,5.90396083087382e-10,-1.0295115298387e-10,294.641288831964
648.010050251256,-560518309.816143,-569190520.727243,-26201.9273747598,30.3267513012172,-39562.1299289182,0.674139533296096,1.39217377283305,1.00429602835975,0.991624899222159,-0.991177187631643,0.960287108394705,0.351550696910851,0.64789099749023,1.0861424442574,-44.5785071320816,240.30830450207,-8.31169959276619e-13,5.90396083087382e-10,-1.0295115298387e-10,294.641288831964
650.522613065327,-560730035.474523,-569383057.377202,-26209.0140693502,30.3272862707816,-39577.4400918738,0.674509621811225,1.39303502635099,1.0049393225204,0.992247373738663,-0.991795742545858,0.960136362929996,0.351558150245138,0.647871004311562,1.08592270834344,-44.8141410195784,240.296278444847,-8.27190896732442e-13,5.90396083087382e-10,-1.0295115298387e-10,294.641288831964
653.035175879397,-560941399.716207,-569575301.26564,-26216.0811987358,30.3278186744228,-39592.7025380107,0.674878764035685,1.39389422073395,1.00558086421445,0.992868161411086,-0.992412624842931,0.959986282109082,0.351565575318606,0.647851090045512,1.08570395203816,-45.0506619423999,240.284040212887,4.97140024439363e-14,5.90396083087382e-10,-1.0295115298387e-10,294.641288831964
655.547738693467,-561152405.105937,-569767254.24011,-26223.1288950835,30.328348534219,-39607.9176099621,0.675246966269445,1.39475136906635,1.00622066548576,0.99348727376713,-0.993027845943683,0.959836860425556,0.35157297234655,0.647831254078676,1.08548616717747,-45.2880621816409,240.271588657451,-1.97869106385675e-13,5.90396083087382e-10,-1.0295115298387e-10,294.641288831964
658.060301507538,-561363054.183684,-569958918.12959,-26230.1572891627,30.3288758719745,-39623.0856465771,0.675614234746358,1.39560648430076,1.00685873824887,0.994104722211222,-0.993641417146867,0.959688092439695,0.351580341541805,0.647811495804745,1.08526934569656,-45.5263337705468,240.258922679794,4.03110145909427e-13,5.90396083087382e-10,-1.0295115298387e-10,294.641288831964
660.572864321608,-561573349.464991,-570150294.744741,-26237.1665103647,30.3294007092249,-39638.2069829764,0.675980575635106,1.3964595792597,1.0074950942908,0.994720518026301,-0.99425334963094,0.9595399727774,0.351587683114787,0.6477918146244,1.0850534796283,-45.7654684939772,240.246041232141,-7.05327880837244e-13,5.90396083087382e-10,-1.0295115298387e-10,294.641288831964
663.085427135678,-561783293.441317,-570341385.878161,-26244.156686723,30.3299230672406,-39653.2819506079,0.67634599504013,1.39731066663741,1.008129745273,0.995334672375571,-0.9948636544558,0.959392496129157,0.35159499727353,0.647772209945202,1.0848385611017,-46.0054578879809,240.232943318662,5.0126107629109e-13,5.90396083087382e-10,-1.0295115298387e-10,294.641288831964
665.597989949749,-561992888.580372,-570532193.304631,-26251.1279449322,30.330442967032,-39668.3108773003,0.676710499002536,1.39815975900166,1.00876270273309,0.995947196304231,-0.995472342564493,0.959245657249018,0.351602284223718,0.64775268118149,1.08462458234039,-46.2462932396657,240.219627996418,1.37957082432027e-14,5.90396083087382e-10,-1.0295115298387e-10,294.641288831964
668.110552763819,-562202137.326444,-570722718.781362,-26258.0804103673,30.3309604293527,-39683.294087317,0.677074093500996,1.39900686879538,1.00939397808668,0.996558100741158,-0.996079424784882,0.959099450953601,0.351609544168723,0.647733227754273,1.08441153566111,-46.487965587075,240.206094376314,-6.10942658069084e-13,5.90396083087382e-10,-1.0295115298387e-10,294.641288831964
670.62311557789,-562411042.100725,-570912964.048234,-26265.0142071022,30.3314754747042,-39698.2319014075,0.677436784452622,1.39985200833846,1.0100235826291,0.997167396500578,-0.996684911831301,0.958953872121114,0.35161677730964,0.647713849091137,1.0841994134723,-46.7304657193662,240.192341624025,5.57946073383578e-13,5.90396083087382e-10,-1.0295115298387e-10,294.641288831964
673.13567839196,-562619605.301635,-571102930.828026,-26271.929457928,30.3319881233399,-39713.1246368591,0.677798577713831,1.40069518982931,1.01065152753713,0.997775094283691,-0.997288814306162,0.958808915690389,0.351623983845319,0.64769454462614,1.08398820827258,-46.9737841771595,240.178368960905,6.72071084995995e-13,5.90396083087382e-10,-1.0295115298387e-10,294.641288831964
675.64824120603,-562827829.30513,-571292620.826658,-26278.8262843713,30.3324983952684,-39727.9726075471,0.678159479081194,1.40153642534659,1.01127782387067,0.998381204680274,-0.997891142701546,0.958664576659942,0.3516311639724,0.647675313799717,1.08377791264943,-47.217911253012,240.164175664891,4.20566662412887e-13,5.90396083087382e-10,-1.0295115298387e-10,294.641288831964
678.160804020101,-563035716.465019,-571482035.733409,-26285.7048067114,30.3330063102583,-39742.7761239841,0.678519494292265,1.40237572685074,1.01190248257443,0.998985738170258,-0.998491907400758,0.958520850087051,0.351638317885345,0.647656156058585,1.08356851927775,-47.4628369921295,240.149761071368,-2.68873560700798e-13,5.90396083087382e-10,-1.0295115298387e-10,294.641288831964
680.673366834171,-563243269.113264,-571671177.221146,-26292.5651439982,30.333511887841,-39757.5354933685,0.678878629026403,1.40321310618561,1.01252551447952,0.999588705125274,-0.999091118679857,0.958377731086845,0.351645445776469,0.647637070855649,1.08336002091852,-47.7085511932532,240.135124574037,-4.2312224573347e-13,5.90396083087382e-10,-1.0295115298387e-10,294.641288831964
683.185929648241,-563450489.560285,-571860046.94654,-26299.407414069,30.334015147315,-39772.2510196319,0.679236888905575,1.40404857508,1.01314693030506,1.00019011581017,-0.999688786709164,0.95823521483142,0.351652547835975,0.64761805764991,1.08315241041751,-47.9550434097531,240.120265625736,-3.81978926860602e-13,5.90396083087382e-10,-1.0295115298387e-10,294.641288831964
685.698492462312,-563657380.095256,-572048646.550287,-26306.231733565,30.3345161077496,-39786.9230034862,0.679594279495145,1.40488214514918,1.01376674065976,1.00078998038449,-1.00028492155473,0.958093296548964,0.351659624251981,0.647599115906375,1.08294568070393,-48.2023029508912,240.105183739261,-3.85482824707891e-13,5.90396083087382e-10,-1.0295115298387e-10,294.641288831964
688.211055276382,-563863942.986393,-572236977.657316,-26313.0382179485,30.335014787988,-39801.5517424691,0.679950806304651,1.4057138278964,1.01438495604345,1.00138830890397,-1.0008795331798,0.9579519715229,0.351666675210551,0.64758024509597,1.08273982478918,-48.4503188832933,240.089878488145,7.63736625509368e-13,5.90396083087382e-10,-1.0295115298387e-10,294.641288831964
690.723618090452,-564070180.481246,-572425041.876998,-26319.8269815182,30.3355112066509,-39816.1375309897,0.680306474788565,1.40654363471436,1.0150015868486,1.00198511132194,-1.00147263144621,0.957811235091049,0.351673700895728,0.647561444695453,1.08253483576558,-48.6990800326573,240.074349507416,-6.33267743176031e-14,5.90396083087382e-10,-1.0295115298387e-10,294.641288831964
693.236180904523,-564276094.80698,-572612840.803355,-26326.598137426,30.3360053821403,-39830.6806603721,0.680661290347047,1.40737157688667,1.01561664336181,1.00258039749078,-1.00206422611582,0.957671082644806,0.351680701489559,0.647542714187325,1.08233070680516,-48.9485749855628,240.058596494332,6.85317512891445e-13,5.90396083087382e-10,-1.0295115298387e-10,294.641288831964
695.748743718593,-564481688.170653,-572800376.015257,-26333.3517976918,30.3364973326425,-39845.1814188994,0.68101525832668,1.40819766558926,1.01623013576527,1.00317417716327,-1.00265432685189,0.95753150962833,0.351687677172127,0.647524053059751,1.08212743115844,-49.1987920916032,240.042619209079,-3.49184803230317e-12,5.90396083087382e-10,-1.0295115298387e-10,294.641288831964
698.261306532663,-564686962.759492,-572987649.076625,-26340.0880732196,30.3369870761314,-39859.6400918562,0.681368384021191,1.40902191189183,1.01684207413819,1.00376645999398,-1.00324294322038,0.957392511537752,0.351694628121576,0.647505460806476,1.08192500215325,-49.4497194655935,240.026417475446,-3.36442388973294e-12,5.90396083087382e-10,-1.0295115298387e-10,294.641288831964
700.773869346734,-564891920.741163,-573174661.536622,-26346.8070738121,30.337474630372,-39874.0569615708,0.681720672672166,1.40984432675916,1.01745246845822,1.00435725554059,-1.00383008469135,0.957254083920395,0.351701554514145,0.647486936926745,1.08172341319355,-49.7013449901014,240.009991181461,5.01315709158222e-13,5.90396083087382e-10,-1.0295115298387e-10,294.641288831964
703.286432160804,-565096564.264037,-573361414.929847,-26353.5089081858,30.3379600129232,-39888.4323074559,0.682072129469749,1.41066492105254,1.01806132860285,1.00494657326525,-1.00441576064022,0.957116222374011,0.351708456524185,0.647468480925221,1.08152265775835,-49.9536563181385,239.99334027999,-2.45750221519891e-12,5.90396083087382e-10,-1.0295115298387e-10,294.641288831964
705.798994974874,-565300895.457452,-573547910.776524,-26360.1936839854,30.3384432411412,-39902.7664060497,0.68242275955333,1.41148370553106,1.01866866435075,1.00553442253582,-1.00499998034906,0.956978922546032,0.351715334324196,0.647450092311913,1.08132272940051,-50.2066408759378,239.976464789322,-7.94735794591407e-13,5.90396083087382e-10,-1.0295115298387e-10,294.641288831964
708.311557788945,-565504916.431972,-573734150.582688,-26366.8615077985,30.3389243321824,-39917.0595310554,0.682772568012218,1.41230069085293,1.0192744853831,1.00612081262721,-1.00558275300785,0.956842180132832,0.351722188084848,0.647431770602093,1.08112362174569,-50.4602858661311,239.95936479369,2.39686784960671e-13,5.90396083087382e-10,-1.0295115298387e-10,294.641288831964
710.824120603015,-565708629.279639,-573920135.840366,-26373.5124851691,30.3394033030066,-39931.3119533803,0.683121559886311,1.41311588757678,1.01987880128496,1.00670575272257,-1.00616408771576,0.956705990879004,0.351729017975007,0.647413515316224,1.08092532849127,-50.7145782709798,239.942040443775,-1.04721140168752e-12,5.90396083087382e-10,-1.0295115298387e-10,294.641288831964
713.336683417085,-565912036.074227,-574105868.027756,-26380.1467206121,30.3398801703796,-39945.5239411745,0.683469740166743,1.41392930616296,1.02048162154652,1.00728925191455,-1.0067439934823,0.956570350576653,0.35173582416176,0.64739532597989,1.08072784340528,-50.96950485584,239.924491957165,-3.25650063460188e-13,5.90396083087382e-10,-1.0295115298387e-10,294.641288831964
715.849246231156,-566115138.871485,-574291348.609406,-26386.7643176266,30.3403549508764,-39959.6957598682,0.683817113796535,1.41474095697472,1.02108295556438,1.00787131920651,-1.00732247922856,0.956435255064697,0.351742606810445,0.647377202123715,1.08053116032536,-51.2250521728585,239.90671961877,6.16878138646031e-13,5.90396083087382e-10,-1.0295115298387e-10,294.641288831964
718.361809045226,-566317939.709383,-574476579.036387,-26393.3653787095,30.3408276608839,-39973.8276722092,0.684163685671217,1.41555085027952,1.02168281264281,1.00845196351373,-1.00789955378839,0.956300700228182,0.351749366084666,0.647359143283299,1.08033527315775,-51.4812065648264,239.888723781204,-2.16626560421379e-12,5.90396083087382e-10,-1.0295115298387e-10,294.641288831964
720.874371859297,-566520440.608351,-574661560.746463,-26399.9500053684,30.3412983166036,-39987.9199382994,0.684509460639458,1.41635899625018,1.02228120199499,1.00903119366454,-1.00847522590955,0.956166681997614,0.351756102146326,0.647341148999147,1.08014017587628,-51.7379541692264,239.87050486512,-5.30908722847591e-12,5.90396083087382e-10,-1.0295115298387e-10,294.641288831964
723.386934673367,-566722643.571507,-574846295.164261,-26406.5182981346,30.3417669340547,-40001.9728156303,0.684854443503673,1.41716540496613,1.02287813274417,1.00960901840147,-1.00904950425484,0.956033196348298,0.351762815155647,0.647323218816596,1.0799458625214,-51.9952809224376,239.852063359512,2.02317601407393e-12,5.90396083087382e-10,-1.0295115298387e-10,294.641288831964
725.899497487437,-566924550.584898,-575030783.701433,-26413.0703565763,30.3422335290761,-40015.9865591188,0.685198639020624,1.41797008641451,1.02347361392494,1.01018544638243,-1.00962239740323,0.955900239299688,0.351769505271192,0.647305352285755,1.07975232719917,-52.2531725643211,239.833399821942,-3.18181008008564e-13,5.90396083087382e-10,-1.0295115298387e-10,294.641288831964
728.412060301508,-567126163.617728,-575215027.756824,-26419.6062793106,30.3426981173298,-40029.9614211411,0.685542051902012,1.4187730504914,1.02406765448432,1.01076048618179,-1.01019391385096,0.955767806914754,0.351776172649891,0.647287548961431,1.07955956408038,-52.5116146426072,239.81451487878,8.97091605526989e-13,5.90396083087382e-10,-1.0295115298387e-10,294.641288831964
730.924623115578,-567327484.622575,-575399028.716627,-26426.126164016,30.3431607143031,-40043.8976515677,0.685884686815061,1.41957430700289,1.02466026328298,1.01133414629146,-1.01076406201262,0.955635895299354,0.351782817447058,0.647269808403068,1.07936756739956,-52.7705925178801,239.795409225331,6.34847991680595e-13,5.90396083087382e-10,-1.0295115298387e-10,294.641288831964
733.437185929648,-567528515.535617,-575582787.954543,-26432.6301074449,30.3436213353109,-40057.7954977962,0.686226548383084,1.42037386566625,1.02525144909632,1.01190643512199,-1.01133285022222,0.955504500601625,0.351789439816421,0.647252130174684,1.07917633145409,-53.0300913684373,239.776083625974,5.91796124160948e-13,5.90396083087382e-10,-1.0295115298387e-10,294.641288831964
735.949748743719,-567729258.27685,-575766306.83194,-26439.1182054347,30.3440799954987,-40071.6552047844,0.686567641186052,1.421171736111,1.02584122061558,1.01247736100363,-1.01190028673425,0.955373619011375,0.351796039910137,0.647234513844803,1.07898585060331,-53.2900961954583,239.756538914216,6.23053091434311e-13,5.90396083087382e-10,-1.0295115298387e-10,294.641288831964
738.462311557789,-567929714.750304,-575949586.697998,-26445.5905529205,30.3445367098449,-40085.4770150829,0.686907969761145,1.42196792788,1.026429586449,1.01304693218734,-1.01246637972465,0.955243246759494,0.351802617878814,0.647216958986399,1.07879611926762,-53.5505918283354,239.736775992713,5.4513488240064e-14,5.90396083087382e-10,-1.0295115298387e-10,294.641288831964
740.974874371859,-568129886.844247,-576132628.889864,-26452.0472439461,30.3449914931629,-40099.2611688666,0.687247538603295,1.42276245043053,1.0270165551228,1.01361515684585,-1.01303113729193,0.95511338011737,0.351809173871538,0.647199465176832,1.07860713192759,-53.8115629300723,239.716795833252,3.41983207210398e-13,5.90396083087382e-10,-1.0295115298387e-10,294.641288831964
743.48743718593,-568329776.4314,-576315434.732802,-26458.4883716753,30.3454443601038,-40113.0079039663,0.687586352165726,1.42355531313532,1.02760213508232,1.01418204307466,-1.01359456745805,0.954984015396321,0.351815708035885,0.64718203199779,1.07841888312319,-54.072994002983,239.696599476663,2.65345768059801e-13,5.90396083087382e-10,-1.0295115298387e-10,294.641288831964
746,-568529385.369138,-576498005.540332,-26464.9140284034,30.3458953251586,-40126.7174558995,0.687924414860477,1.42434652528359,1.02818633469304,1.01474759889301,-1.01415667816949,0.954855148947029,0.351822220517946,0.647164659035226,1.07823136745284,-54.3348693944193,239.676188032698,-9.10336413851489e-13,5.90396083087382e-10,-1.0295115298387e-10,294.641288831964
